c2sp1s1,1,10.5,9
c2sp1s112,1,10.50973,9.0284611
c2sp1s223,1,10.51892,9.0572891
c2sp1s334,1,10.52755,9.0864734
c2sp1s445,1,10.53562,9.116003
c2sp1s457,1,10.54312,9.145868
c2sp1s468,1,10.55003,9.176056
c2sp1s479,1,10.55635,9.206556
c2sp1s490,1,10.56207,9.237356
c2sp1s2,1,10.56717,9.268445
c2sp1s13,1,10.57166,9.29981
c2sp1s24,1,10.57552,9.331439
c2sp1s35,1,10.57873,9.363319
c2sp1s46,1,10.58131,9.395437
c2sp1s57,1,10.58323,9.42778
c2sp1s68,1,10.58448,9.460335
c2sp1s79,1,10.58508,9.493089
c2sp1s90,1,10.58499,9.526028
c2sp1s101,1,10.58422,9.559137
c2sp1s113,1,10.58277,9.592403
c2sp1s124,1,10.58062,9.625812
c2sp1s135,1,10.57777,9.659349
c2sp1s146,1,10.57421,9.692999
c2sp1s157,1,10.56995,9.726748
c2sp1s168,1,10.56497,9.760581
c2sp1s179,1,10.55926,9.794483
c2sp1s190,1,10.55283,9.828439
c2sp1s201,1,10.54567,9.862433
c2sp1s212,1,10.53778,9.896449
c2sp1s224,1,10.52916,9.930473
c2sp1s235,1,10.51979,9.964488
c2sp1s246,1,10.50968,9.998479
c2sp1s257,1,10.49883,10.03243
c2sp1s268,1,10.48723,10.06632
c2sp1s279,1,10.47488,10.10015
c2sp1s290,1,10.46179,10.13388
c2sp1s301,1,10.44794,10.16751
c2sp1s312,1,10.43334,10.20101
c2sp1s323,1,10.41799,10.23438
c2sp1s335,1,10.40189,10.2676
c2sp1s346,1,10.38504,10.30064
c2sp1s357,1,10.36744,10.3335
c2sp1s368,1,10.34909,10.36615
c2sp1s379,1,10.32999,10.39858
c2sp1s390,1,10.31015,10.43078
c2sp1s401,1,10.28956,10.46272
c2sp1s412,1,10.26823,10.49439
c2sp1s423,1,10.24616,10.52577
c2sp1s434,1,10.22336,10.55685
c2sp1s446,1,10.19983,10.58761
c2sp1s448,1,10.17557,10.61803
c2sp1s449,1,10.15059,10.6481
c2sp1s450,1,10.12489,10.6778
c2sp1s451,1,10.09848,10.70712
c2sp1s452,1,10.07136,10.73603
c2sp1s453,1,10.04353,10.76452
c2sp1s454,1,10.01502,10.79258
c2sp1s455,1,9.985813,10.82018
c2sp1s456,1,9.955926,10.84732
c2sp1s458,1,9.925365,10.87398
c2sp1s459,1,9.894136,10.90014
c2sp1s460,1,9.86225,10.92578
c2sp1s461,1,9.829712,10.95089
c2sp1s462,1,9.796533,10.97546
c2sp1s463,1,9.762721,10.99946
c2sp1s464,1,9.728287,11.02289
c2sp1s465,1,9.693238,11.04573
c2sp1s466,1,9.657587,11.06797
c2sp1s467,1,9.621342,11.08958
c2sp1s469,1,9.584515,11.11055
c2sp1s470,1,9.547118,11.13088
c2sp1s471,1,9.509161,11.15055
c2sp1s472,1,9.470656,11.16954
c2sp1s473,1,9.431615,11.18783
c2sp1s474,1,9.392052,11.20542
c2sp1s475,1,9.351978,11.2223
c2sp1s476,1,9.311406,11.23844
c2sp1s477,1,9.270351,11.25384
c2sp1s478,1,9.228825,11.26849
c2sp1s480,1,9.186843,11.28237
c2sp1s481,1,9.144418,11.29546
c2sp1s482,1,9.101566,11.30777
c2sp1s483,1,9.0583018,11.31927
c2sp1s484,1,9.0146397,11.32995
c2sp1s485,1,8.9705955,11.33982
c2sp1s486,1,8.9261847,11.34884
c2sp1s487,1,8.881423,11.35702
c2sp1s488,1,8.836328,11.36434
c2sp1s489,1,8.790914,11.3708
c2sp1s491,1,8.745199,11.37638
c2sp1s492,1,8.6992,11.38108
c2sp1s493,1,8.652934,11.38488
c2sp1s494,1,8.606418,11.38778
c2sp1s495,1,8.55967,11.38977
c2sp1s496,1,8.512708,11.39085
c2sp1s497,1,8.465549,11.391
c2sp1s498,1,8.418212,11.39021
c2sp1s499,1,8.370716,11.38849
c2sp1s500,1,8.323079,11.38583
c2sp1s3,1,8.27532,11.38221
c2sp1s4,1,8.227458,11.37764
c2sp1s5,1,8.179511,11.37211
c2sp1s6,1,8.1315,11.36561
c2sp1s7,1,8.083443,11.35814
c2sp1s8,1,8.035361,11.3497
c2sp1s9,1,7.98727,11.34027
c2sp1s10,1,7.9392,11.32987
c2sp1s11,1,7.89116,11.31848
c2sp1s12,1,7.84317,11.30611
c2sp1s14,1,7.79526,11.29275
c2sp1s15,1,7.74744,11.2784
c2sp1s16,1,7.69974,11.26305
c2sp1s17,1,7.65217,11.24672
c2sp1s18,1,7.60476,11.22939
c2sp1s19,1,7.55752,11.21107
c2sp1s20,1,7.51048,11.19176
c2sp1s21,1,7.46366,11.17146
c2sp1s22,1,7.41707,11.15017
c2sp1s23,1,7.37075,11.12789
c2sp1s25,1,7.3247,11.10463
c2sp1s26,1,7.27896,11.08039
c2sp1s27,1,7.23353,11.05516
c2sp1s28,1,7.18845,11.02896
c2sp1s29,1,7.14373,11.00179
c2sp1s30,1,7.09939,10.97365
c2sp1s31,1,7.05546,10.94454
c2sp1s32,1,7.01195,10.91448
c2sp1s33,1,6.96888,10.88347
c2sp1s34,1,6.92628,10.85151
c2sp1s36,1,6.88417,10.81862
c2sp1s37,1,6.84256,10.78479
c2sp1s38,1,6.80148,10.75003
c2sp1s39,1,6.76095,10.71436
c2sp1s40,1,6.72098,10.67778
c2sp1s41,1,6.6816,10.64031
c2sp1s42,1,6.64282,10.60194
c2sp1s43,1,6.60467,10.56269
c2sp1s44,1,6.56716,10.52257
c2sp1s45,1,6.53032,10.48159
c2sp1s47,1,6.49417,10.43975
c2sp1s48,1,6.45871,10.39709
c2sp1s49,1,6.42398,10.35359
c2sp1s50,1,6.38998,10.30928
c2sp1s51,1,6.35675,10.26417
c2sp1s52,1,6.32429,10.21826
c2sp1s53,1,6.29262,10.17159
c2sp1s54,1,6.26177,10.12415
c2sp1s55,1,6.23175,10.07596
c2sp1s56,1,6.20257,10.02704
c2sp1s58,1,6.17426,9.977395
c2sp1s59,1,6.14683,9.927051
c2sp1s60,1,6.1203,9.876019
c2sp1s61,1,6.09468,9.824315
c2sp1s62,1,6.06999,9.771955
c2sp1s63,1,6.04624,9.718957
c2sp1s64,1,6.02345,9.665337
c2sp1s65,1,6.00164,9.611113
c2sp1s66,1,5.98082,9.556302
c2sp1s67,1,5.96101,9.500922
c2sp1s69,1,5.94221,9.444993
c2sp1s70,1,5.92444,9.388533
c2sp1s71,1,5.90772,9.331561
c2sp1s72,1,5.89206,9.274096
c2sp1s73,1,5.87747,9.216158
c2sp1s74,1,5.86397,9.157767
c2sp1s75,1,5.85155,9.0989439
c2sp1s76,1,5.84025,9.0397087
c2sp1s77,1,5.83006,8.9800824
c2sp1s78,1,5.821,8.9200863
c2sp1s80,1,5.81308,8.859742
c2sp1s81,1,5.80631,8.79907
c2sp1s82,1,5.8007,8.738094
c2sp1s83,1,5.79626,8.676835
c2sp1s84,1,5.79299,8.615316
c2sp1s85,1,5.7909,8.553559
c2sp1s86,1,5.79001,8.491588
c2sp1s87,1,5.79032,8.429425
c2sp1s88,1,5.79183,8.367093
c2sp1s89,1,5.79456,8.304617
c2sp1s91,1,5.79851,8.242019
c2sp1s92,1,5.80368,8.179323
c2sp1s93,1,5.81007,8.116554
c2sp1s94,1,5.81771,8.053736
c2sp1s95,1,5.82658,7.99089
c2sp1s96,1,5.83669,7.92805
c2sp1s97,1,5.84805,7.86523
c2sp1s98,1,5.86065,7.80246
c2sp1s99,1,5.87451,7.73976
c2sp1s100,1,5.88962,7.67716
c2sp1s102,1,5.90598,7.61468
c2sp1s103,1,5.92359,7.55235
c2sp1s104,1,5.94245,7.49019
c2sp1s105,1,5.96257,7.42824
c2sp1s106,1,5.98395,7.3665
c2sp1s107,1,6.00657,7.30502
c2sp1s108,1,6.03044,7.24381
c2sp1s109,1,6.05556,7.1829
c2sp1s110,1,6.08192,7.12231
c2sp1s111,1,6.10953,7.06207
c2sp1s114,1,6.13837,7.00221
c2sp1s115,1,6.16844,6.94275
c2sp1s116,1,6.19974,6.88372
c2sp1s117,1,6.23226,6.82513
c2sp1s118,1,6.266,6.76703
c2sp1s119,1,6.30095,6.70942
c2sp1s120,1,6.33711,6.65234
c2sp1s121,1,6.37445,6.59582
c2sp1s122,1,6.41299,6.53986
c2sp1s123,1,6.4527,6.48451
c2sp1s125,1,6.49359,6.42979
c2sp1s126,1,6.53563,6.37571
c2sp1s127,1,6.57882,6.32231
c2sp1s128,1,6.62316,6.26961
c2sp1s129,1,6.66862,6.21763
c2sp1s130,1,6.7152,6.1664
c2sp1s131,1,6.76289,6.11593
c2sp1s132,1,6.81167,6.06626
c2sp1s133,1,6.86153,6.01741
c2sp1s134,1,6.91245,5.9694
c2sp1s136,1,6.96443,5.92225
c2sp1s137,1,7.01744,5.87599
c2sp1s138,1,7.07148,5.83063
c2sp1s139,1,7.12652,5.7862
c2sp1s140,1,7.18256,5.74273
c2sp1s141,1,7.23957,5.70023
c2sp1s142,1,7.29754,5.65873
c2sp1s143,1,7.35644,5.61824
c2sp1s144,1,7.41628,5.57878
c2sp1s145,1,7.47701,5.54039
c2sp1s147,1,7.53864,5.50307
c2sp1s148,1,7.60113,5.46685
c2sp1s149,1,7.66446,5.43174
c2sp1s150,1,7.72863,5.39778
c2sp1s151,1,7.7936,5.36496
c2sp1s152,1,7.85936,5.33332
c2sp1s153,1,7.92588,5.30287
c2sp1s154,1,7.99315,5.27363
c2sp1s155,1,8.061141,5.24561
c2sp1s156,1,8.129829,5.21884
c2sp1s158,1,8.199194,5.19332
c2sp1s159,1,8.269213,5.16908
c2sp1s160,1,8.339861,5.14613
c2sp1s161,1,8.411116,5.12449
c2sp1s162,1,8.482952,5.10416
c2sp1s163,1,8.555346,5.08517
c2sp1s164,1,8.628272,5.06753
c2sp1s165,1,8.701706,5.05125
c2sp1s166,1,8.775621,5.03635
c2sp1s167,1,8.849993,5.02283
c2sp1s169,1,8.9247947,5.01071
c2sp1s170,1,9,5
c2sp1s171,1,9.0755822,4.99071
c2sp1s172,1,9.151515,4.98286
c2sp1s173,1,9.22777,4.97644
c2sp1s174,1,9.30432,4.97148
c2sp1s175,1,9.381139,4.96797
c2sp1s176,1,9.458197,4.96594
c2sp1s177,1,9.535467,4.96538
c2sp1s178,1,9.61292,4.9663
c2sp1s180,1,9.690529,4.96871
c2sp1s181,1,9.768263,4.97262
c2sp1s182,1,9.846095,4.97803
c2sp1s183,1,9.923996,4.98495
c2sp1s184,1,10.00193,4.99338
c2sp1s185,1,10.07988,5.00332
c2sp1s186,1,10.15781,5.01478
c2sp1s187,1,10.23569,5.02776
c2sp1s188,1,10.31349,5.04227
c2sp1s189,1,10.39119,5.0583
c2sp1s191,1,10.46874,5.07586
c2sp1s192,1,10.54612,5.09494
c2sp1s193,1,10.62331,5.11555
c2sp1s194,1,10.70027,5.13768
c2sp1s195,1,10.77696,5.16134
c2sp1s196,1,10.85337,5.18652
c2sp1s197,1,10.92946,5.21322
c2sp1s198,1,11.0052,5.24144
c2sp1s199,1,11.08056,5.27117
c2sp1s200,1,11.15551,5.30241
c2sp1s202,1,11.23002,5.33515
c2sp1s203,1,11.30406,5.36939
c2sp1s204,1,11.37759,5.40512
c2sp1s205,1,11.4506,5.44234
c2sp1s206,1,11.52305,5.48103
c2sp1s207,1,11.59491,5.5212
c2sp1s208,1,11.66615,5.56283
c2sp1s209,1,11.73673,5.6059
c2sp1s210,1,11.80664,5.65043
c2sp1s211,1,11.87585,5.69638
c2sp1s213,1,11.94431,5.74375
c2sp1s214,1,12.01201,5.79254
c2sp1s215,1,12.07891,5.84272
c2sp1s216,1,12.14499,5.89429
c2sp1s217,1,12.21021,5.94723
c2sp1s218,1,12.27456,6.00152
c2sp1s219,1,12.33799,6.05716
c2sp1s220,1,12.40049,6.11413
c2sp1s221,1,12.46203,6.17241
c2sp1s222,1,12.52257,6.23199
c2sp1s225,1,12.5821,6.29285
c2sp1s226,1,12.64058,6.35497
c2sp1s227,1,12.69798,6.41833
c2sp1s228,1,12.75429,6.48292
c2sp1s229,1,12.80948,6.54872
c2sp1s230,1,12.86351,6.61571
c2sp1s231,1,12.91638,6.68386
c2sp1s232,1,12.96804,6.75316
c2sp1s233,1,13.01848,6.82359
c2sp1s234,1,13.06767,6.89512
c2sp1s236,1,13.11558,6.96774
c2sp1s237,1,13.1622,7.04142
c2sp1s238,1,13.20751,7.11613
c2sp1s239,1,13.25147,7.19185
c2sp1s240,1,13.29407,7.26857
c2sp1s241,1,13.33529,7.34625
c2sp1s242,1,13.3751,7.42487
c2sp1s243,1,13.41348,7.5044
c2sp1s244,1,13.45041,7.58483
c2sp1s245,1,13.48588,7.66611
c2sp1s247,1,13.51986,7.74823
c2sp1s248,1,13.55234,7.83116
c2sp1s249,1,13.58329,7.91487
c2sp1s250,1,13.61271,7.99933
c2sp1s251,1,13.64056,8.084511
c2sp1s252,1,13.66683,8.170391
c2sp1s253,1,13.69152,8.256936
c2sp1s254,1,13.7146,8.344118
c2sp1s255,1,13.73605,8.431907
c2sp1s256,1,13.75587,8.520271
c2sp1s258,1,13.77403,8.609181
c2sp1s259,1,13.79053,8.698606
c2sp1s260,1,13.80535,8.788513
c2sp1s261,1,13.81848,8.878873
c2sp1s262,1,13.8299,8.9696524
c2sp1s263,1,13.83962,9.0608196
c2sp1s264,1,13.84761,9.152342
c2sp1s265,1,13.85386,9.244187
c2sp1s266,1,13.85837,9.336322
c2sp1s267,1,13.86113,9.428714
c2sp1s269,1,13.86213,9.521329
c2sp1s270,1,13.86136,9.614133
c2sp1s271,1,13.85882,9.707093
c2sp1s272,1,13.8545,9.800175
c2sp1s273,1,13.84838,9.893344
c2sp1s274,1,13.84048,9.986567
c2sp1s275,1,13.83079,10.07981
c2sp1s276,1,13.81929,10.17304
c2sp1s277,1,13.806,10.26621
c2sp1s278,1,13.7909,10.3593
c2sp1s280,1,13.77399,10.45227
c2sp1s281,1,13.75528,10.54508
c2sp1s282,1,13.73477,10.63771
c2sp1s283,1,13.71244,10.73011
c2sp1s284,1,13.68832,10.82225
c2sp1s285,1,13.66239,10.91409
c2sp1s286,1,13.63466,11.0056
c2sp1s287,1,13.60514,11.09674
c2sp1s288,1,13.57382,11.18748
c2sp1s289,1,13.54071,11.27779
c2sp1s291,1,13.50583,11.36762
c2sp1s292,1,13.46916,11.45694
c2sp1s293,1,13.43073,11.54573
c2sp1s294,1,13.39054,11.63393
c2sp1s295,1,13.34859,11.72152
c2sp1s296,1,13.30489,11.80847
c2sp1s297,1,13.25946,11.89473
c2sp1s298,1,13.21231,11.98028
c2sp1s299,1,13.16344,12.06507
c2sp1s300,1,13.11287,12.14908
c2sp1s302,1,13.06061,12.23227
c2sp1s303,1,13.00667,12.3146
c2sp1s304,1,12.95107,12.39605
c2sp1s305,1,12.89381,12.47658
c2sp1s306,1,12.83493,12.55616
c2sp1s307,1,12.77442,12.63474
c2sp1s308,1,12.71231,12.71231
c2sp1s309,1,12.64862,12.78883
c2sp1s310,1,12.58335,12.86426
c2sp1s311,1,12.51654,12.93857
c2sp1s313,1,12.4482,13.01173
c2sp1s314,1,12.37835,13.08372
c2sp1s315,1,12.307,13.1545
c2sp1s316,1,12.23419,13.22403
c2sp1s317,1,12.15993,13.29229
c2sp1s318,1,12.08424,13.35925
c2sp1s319,1,12.00715,13.42488
c2sp1s320,1,11.92867,13.48915
c2sp1s321,1,11.84885,13.55203
c2sp1s322,1,11.76768,13.61349
c2sp1s324,1,11.68522,13.67351
c2sp1s325,1,11.60147,13.73206
c2sp1s326,1,11.51647,13.7891
c2sp1s327,1,11.43024,13.84462
c2sp1s328,1,11.34281,13.89859
c2sp1s329,1,11.2542,13.95098
c2sp1s330,1,11.16446,14.00176
c2sp1s331,1,11.07359,14.05092
c2sp1s332,1,10.98165,14.09843
c2sp1s333,1,10.88864,14.14426
c2sp1s336,1,10.79462,14.1884
c2sp1s337,1,10.69959,14.23081
c2sp1s338,1,10.60361,14.27148
c2sp1s339,1,10.50669,14.31039
c2sp1s340,1,10.40888,14.34752
c2sp1s341,1,10.3102,14.38284
c2sp1s342,1,10.2107,14.41634
c2sp1s343,1,10.11039,14.44799
c2sp1s344,1,10.00932,14.47779
c2sp1s345,1,9.907515,14.50571
c2sp1s347,1,9.80502,14.53173
c2sp1s348,1,9.701866,14.55584
c2sp1s349,1,9.598089,14.57803
c2sp1s350,1,9.493724,14.59827
c2sp1s351,1,9.388808,14.61656
c2sp1s352,1,9.283378,14.63288
c2sp1s353,1,9.177471,14.64721
c2sp1s354,1,9.0711238,14.65955
c2sp1s355,1,8.9643746,14.66989
c2sp1s356,1,8.857261,14.67821
c2sp1s358,1,8.749821,14.6845
c2sp1s359,1,8.642094,14.68875
c2sp1s360,1,8.534118,14.69096
c2sp1s361,1,8.425931,14.69112
c2sp1s362,1,8.317573,14.68922
c2sp1s363,1,8.209084,14.68525
c2sp1s364,1,8.100502,14.67921
c2sp1s365,1,7.99187,14.67109
c2sp1s366,1,7.88322,14.66089
c2sp1s367,1,7.7746,14.64861
c2sp1s369,1,7.66605,14.63424
c2sp1s370,1,7.5576,14.61778
c2sp1s371,1,7.4493,14.59923
c2sp1s372,1,7.34119,14.5786
c2sp1s373,1,7.2333,14.55587
c2sp1s374,1,7.12569,14.53105
c2sp1s375,1,7.01838,14.50415
c2sp1s376,1,6.91143,14.47517
c2sp1s377,1,6.80486,14.4441
c2sp1s378,1,6.69872,14.41096
c2sp1s380,1,6.59306,14.37575
c2sp1s381,1,6.4879,14.33848
c2sp1s382,1,6.3833,14.29915
c2sp1s383,1,6.27929,14.25777
c2sp1s384,1,6.17591,14.21435
c2sp1s385,1,6.0732,14.16889
c2sp1s386,1,5.9712,14.12142
c2sp1s387,1,5.86996,14.07193
c2sp1s388,1,5.76951,14.02044
c2sp1s389,1,5.66988,13.96696
c2sp1s391,1,5.57113,13.91151
c2sp1s392,1,5.47329,13.8541
c2sp1s393,1,5.37639,13.79474
c2sp1s394,1,5.28049,13.73346
c2sp1s395,1,5.1856,13.67025
c2sp1s396,1,5.09178,13.60515
c2sp1s397,1,4.99906,13.53817
c2sp1s398,1,4.90748,13.46933
c2sp1s399,1,4.81708,13.39864
c2sp1s400,1,4.72789,13.32614
c2sp1s402,1,4.63995,13.25183
c2sp1s403,1,4.55329,13.17574
c2sp1s404,1,4.46796,13.09789
c2sp1s405,1,4.38398,13.0183
c2sp1s406,1,4.3014,12.93701
c2sp1s407,1,4.22024,12.85402
c2sp1s408,1,4.14055,12.76938
c2sp1s409,1,4.06235,12.68309
c2sp1s410,1,3.98568,12.5952
c2sp1s411,1,3.91057,12.50572
c2sp1s413,1,3.83705,12.41469
c2sp1s414,1,3.76517,12.32213
c2sp1s415,1,3.69494,12.22807
c2sp1s416,1,3.6264,12.13254
c2sp1s417,1,3.55958,12.03557
c2sp1s418,1,3.4945,11.93719
c2sp1s419,1,3.43121,11.83744
c2sp1s420,1,3.36972,11.73634
c2sp1s421,1,3.31007,11.63394
c2sp1s422,1,3.25229,11.53025
c2sp1s424,1,3.19639,11.42532
c2sp1s425,1,3.14241,11.31918
c2sp1s426,1,3.09037,11.21187
c2sp1s427,1,3.0403,11.10342
c2sp1s428,1,2.99222,10.99386
c2sp1s429,1,2.94616,10.88324
c2sp1s430,1,2.90213,10.77159
c2sp1s431,1,2.86017,10.65895
c2sp1s432,1,2.82029,10.54536
c2sp1s433,1,2.78252,10.43085
c2sp1s435,1,2.74687,10.31546
c2sp1s436,1,2.71336,10.19924
c2sp1s437,1,2.68202,10.08222
c2sp1s438,1,2.65286,9.964448
c2sp1s439,1,2.62589,9.845959
c2sp1s440,1,2.60114,9.726795
c2sp1s441,1,2.57863,9.606999
c2sp1s442,1,2.55835,9.486611
c2sp1s443,1,2.54034,9.365675
c2sp1s444,1,2.5246,9.244232
c2sp1s447,2,2.51115,9.122326
c2sp2s501,3,15.48885,8.877674
c2sp2s502,3,7.5,9
c2sp2s503,3,7.49027,8.9715389
c2sp2s504,3,7.48108,8.9427109
c2sp2s505,3,7.47245,8.9135266
c2sp2s506,3,7.46438,8.883997
c2sp2s507,3,7.45688,8.854132
c2sp2s508,3,7.44997,8.823944
c2sp2s509,3,7.44365,8.793444
c2sp2s510,3,7.43793,8.762644
c2sp2s511,3,7.43283,8.731555
c2sp2s512,3,7.42834,8.70019
c2sp2s513,3,7.42448,8.668561
c2sp2s514,3,7.42127,8.636681
c2sp2s515,3,7.41869,8.604563
c2sp2s516,3,7.41677,8.57222
c2sp2s517,3,7.41552,8.539665
c2sp2s518,3,7.41492,8.506911
c2sp2s519,3,7.41501,8.473972
c2sp2s520,3,7.41578,8.440863
c2sp2s521,3,7.41723,8.407597
c2sp2s522,3,7.41938,8.374188
c2sp2s523,3,7.42223,8.340651
c2sp2s524,3,7.42579,8.307001
c2sp2s525,3,7.43005,8.273252
c2sp2s526,3,7.43503,8.239419
c2sp2s527,3,7.44074,8.205517
c2sp2s528,3,7.44717,8.171561
c2sp2s529,3,7.45433,8.137567
c2sp2s530,3,7.46222,8.103551
c2sp2s531,3,7.47084,8.069527
c2sp2s532,3,7.48021,8.035512
c2sp2s533,3,7.49032,8.001521
c2sp2s534,3,7.50117,7.96757
c2sp2s535,3,7.51277,7.93368
c2sp2s536,3,7.52512,7.89985
c2sp2s537,3,7.53821,7.86612
c2sp2s538,3,7.55206,7.83249
c2sp2s539,3,7.56666,7.79899
c2sp2s540,3,7.58201,7.76562
c2sp2s541,3,7.59811,7.7324
c2sp2s542,3,7.61496,7.69936
c2sp2s543,3,7.63256,7.6665
c2sp2s544,3,7.65091,7.63385
c2sp2s545,3,7.67001,7.60142
c2sp2s546,3,7.68985,7.56922
c2sp2s547,3,7.71044,7.53728
c2sp2s548,3,7.73177,7.50561
c2sp2s549,3,7.75384,7.47423
c2sp2s550,3,7.77664,7.44315
c2sp2s551,3,7.80017,7.41239
c2sp2s552,3,7.82443,7.38197
c2sp2s553,3,7.84941,7.3519
c2sp2s554,3,7.87511,7.3222
c2sp2s555,3,7.90152,7.29288
c2sp2s556,3,7.92864,7.26397
c2sp2s557,3,7.95647,7.23548
c2sp2s558,3,7.98498,7.20742
c2sp2s559,3,8.014187,7.17982
c2sp2s560,3,8.044074,7.15268
c2sp2s561,3,8.074635,7.12602
c2sp2s562,3,8.105864,7.09986
c2sp2s563,3,8.13775,7.07422
c2sp2s564,3,8.170288,7.04911
c2sp2s565,3,8.203467,7.02454
c2sp2s566,3,8.237279,7.00054
c2sp2s567,3,8.271713,6.97711
c2sp2s568,3,8.306762,6.95427
c2sp2s569,3,8.342413,6.93203
c2sp2s570,3,8.378658,6.91042
c2sp2s571,3,8.415485,6.88945
c2sp2s572,3,8.452882,6.86912
c2sp2s573,3,8.490839,6.84945
c2sp2s574,3,8.529344,6.83046
c2sp2s575,3,8.568385,6.81217
c2sp2s576,3,8.607948,6.79458
c2sp2s577,3,8.648022,6.7777
c2sp2s578,3,8.688594,6.76156
c2sp2s579,3,8.729649,6.74616
c2sp2s580,3,8.771175,6.73151
c2sp2s581,3,8.813157,6.71763
c2sp2s582,3,8.855582,6.70454
c2sp2s583,3,8.898434,6.69223
c2sp2s584,3,8.9416982,6.68073
c2sp2s585,3,8.9853603,6.67005
c2sp2s586,3,9.0294045,6.66018
c2sp2s587,3,9.0738153,6.65116
c2sp2s588,3,9.118577,6.64298
c2sp2s589,3,9.163672,6.63566
c2sp2s590,3,9.209086,6.6292
c2sp2s591,3,9.254801,6.62362
c2sp2s592,3,9.3008,6.61892
c2sp2s593,3,9.347066,6.61512
c2sp2s594,3,9.393582,6.61222
c2sp2s595,3,9.44033,6.61023
c2sp2s596,3,9.487292,6.60915
c2sp2s597,3,9.534451,6.609
c2sp2s598,3,9.581788,6.60979
c2sp2s599,3,9.629284,6.61151
c2sp2s600,3,9.676921,6.61417
c2sp2s601,3,9.72468,6.61779
c2sp2s602,3,9.772542,6.62236
c2sp2s603,3,9.820489,6.62789
c2sp2s604,3,9.8685,6.63439
c2sp2s605,3,9.916557,6.64186
c2sp2s606,3,9.964639,6.6503
c2sp2s607,3,10.01273,6.65973
c2sp2s608,3,10.0608,6.67013
c2sp2s609,3,10.10884,6.68152
c2sp2s610,3,10.15683,6.69389
c2sp2s611,3,10.20474,6.70725
c2sp2s612,3,10.25256,6.7216
c2sp2s613,3,10.30026,6.73695
c2sp2s614,3,10.34783,6.75328
c2sp2s615,3,10.39524,6.77061
c2sp2s616,3,10.44248,6.78893
c2sp2s617,3,10.48952,6.80824
c2sp2s618,3,10.53634,6.82854
c2sp2s619,3,10.58293,6.84983
c2sp2s620,3,10.62925,6.87211
c2sp2s621,3,10.6753,6.89537
c2sp2s622,3,10.72104,6.91961
c2sp2s623,3,10.76647,6.94484
c2sp2s624,3,10.81155,6.97104
c2sp2s625,3,10.85627,6.99821
c2sp2s626,3,10.90061,7.02635
c2sp2s627,3,10.94454,7.05546
c2sp2s628,3,10.98805,7.08552
c2sp2s629,3,11.03112,7.11653
c2sp2s630,3,11.07372,7.14849
c2sp2s631,3,11.11583,7.18138
c2sp2s632,3,11.15744,7.21521
c2sp2s633,3,11.19852,7.24997
c2sp2s634,3,11.23905,7.28564
c2sp2s635,3,11.27902,7.32222
c2sp2s636,3,11.3184,7.35969
c2sp2s637,3,11.35718,7.39806
c2sp2s638,3,11.39533,7.43731
c2sp2s639,3,11.43284,7.47743
c2sp2s640,3,11.46968,7.51841
c2sp2s641,3,11.50583,7.56025
c2sp2s642,3,11.54129,7.60291
c2sp2s643,3,11.57602,7.64641
c2sp2s644,3,11.61002,7.69072
c2sp2s645,3,11.64325,7.73583
c2sp2s646,3,11.67571,7.78174
c2sp2s647,3,11.70738,7.82841
c2sp2s648,3,11.73823,7.87585
c2sp2s649,3,11.76825,7.92404
c2sp2s650,3,11.79743,7.97296
c2sp2s651,3,11.82574,8.022605
c2sp2s652,3,11.85317,8.072949
c2sp2s653,3,11.8797,8.123981
c2sp2s654,3,11.90532,8.175685
c2sp2s655,3,11.93001,8.228045
c2sp2s656,3,11.95376,8.281043
c2sp2s657,3,11.97655,8.334663
c2sp2s658,3,11.99836,8.388887
c2sp2s659,3,12.01918,8.443698
c2sp2s660,3,12.03899,8.499078
c2sp2s661,3,12.05779,8.555007
c2sp2s662,3,12.07556,8.611467
c2sp2s663,3,12.09228,8.668439
c2sp2s664,3,12.10794,8.725904
c2sp2s665,3,12.12253,8.783842
c2sp2s666,3,12.13603,8.842233
c2sp2s667,3,12.14845,8.9010561
c2sp2s668,3,12.15975,8.9602913
c2sp2s669,3,12.16994,9.0199176
c2sp2s670,3,12.179,9.0799137
c2sp2s671,3,12.18692,9.140258
c2sp2s672,3,12.19369,9.20093
c2sp2s673,3,12.1993,9.261906
c2sp2s674,3,12.20374,9.323165
c2sp2s675,3,12.20701,9.384684
c2sp2s676,3,12.2091,9.446441
c2sp2s677,3,12.20999,9.508412
c2sp2s678,3,12.20968,9.570575
c2sp2s679,3,12.20817,9.632907
c2sp2s680,3,12.20544,9.695383
c2sp2s681,3,12.20149,9.757981
c2sp2s682,3,12.19632,9.820677
c2sp2s683,3,12.18993,9.883446
c2sp2s684,3,12.18229,9.946264
c2sp2s685,3,12.17342,10.00911
c2sp2s686,3,12.16331,10.07195
c2sp2s687,3,12.15195,10.13477
c2sp2s688,3,12.13935,10.19754
c2sp2s689,3,12.12549,10.26024
c2sp2s690,3,12.11038,10.32284
c2sp2s691,3,12.09402,10.38532
c2sp2s692,3,12.07641,10.44765
c2sp2s693,3,12.05755,10.50981
c2sp2s694,3,12.03743,10.57176
c2sp2s695,3,12.01605,10.6335
c2sp2s696,3,11.99343,10.69498
c2sp2s697,3,11.96956,10.75619
c2sp2s698,3,11.94444,10.8171
c2sp2s699,3,11.91808,10.87769
c2sp2s700,3,11.89047,10.93793
c2sp2s701,3,11.86163,10.99779
c2sp2s702,3,11.83156,11.05725
c2sp2s703,3,11.80026,11.11628
c2sp2s704,3,11.76774,11.17487
c2sp2s705,3,11.734,11.23297
c2sp2s706,3,11.69905,11.29058
c2sp2s707,3,11.66289,11.34766
c2sp2s708,3,11.62555,11.40418
c2sp2s709,3,11.58701,11.46014
c2sp2s710,3,11.5473,11.51549
c2sp2s711,3,11.50641,11.57021
c2sp2s712,3,11.46437,11.62429
c2sp2s713,3,11.42118,11.67769
c2sp2s714,3,11.37684,11.73039
c2sp2s715,3,11.33138,11.78237
c2sp2s716,3,11.2848,11.8336
c2sp2s717,3,11.23711,11.88407
c2sp2s718,3,11.18833,11.93374
c2sp2s719,3,11.13847,11.98259
c2sp2s720,3,11.08755,12.0306
c2sp2s721,3,11.03557,12.07775
c2sp2s722,3,10.98256,12.12401
c2sp2s723,3,10.92852,12.16937
c2sp2s724,3,10.87348,12.2138
c2sp2s725,3,10.81744,12.25727
c2sp2s726,3,10.76043,12.29977
c2sp2s727,3,10.70246,12.34127
c2sp2s728,3,10.64356,12.38176
c2sp2s729,3,10.58372,12.42122
c2sp2s730,3,10.52299,12.45961
c2sp2s731,3,10.46136,12.49693
c2sp2s732,3,10.39887,12.53315
c2sp2s733,3,10.33554,12.56826
c2sp2s734,3,10.27137,12.60222
c2sp2s735,3,10.2064,12.63504
c2sp2s736,3,10.14064,12.66668
c2sp2s737,3,10.07412,12.69713
c2sp2s738,3,10.00685,12.72637
c2sp2s739,3,9.938859,12.75439
c2sp2s740,3,9.870171,12.78116
c2sp2s741,3,9.800806,12.80668
c2sp2s742,3,9.730787,12.83092
c2sp2s743,3,9.660139,12.85387
c2sp2s744,3,9.588884,12.87551
c2sp2s745,3,9.517048,12.89584
c2sp2s746,3,9.444654,12.91483
c2sp2s747,3,9.371728,12.93247
c2sp2s748,3,9.298294,12.94875
c2sp2s749,3,9.224379,12.96365
c2sp2s750,3,9.150007,12.97717
c2sp2s751,3,9.0752053,12.98929
c2sp2s752,3,9,13
c2sp2s753,3,8.9244178,13.00929
c2sp2s754,3,8.848485,13.01714
c2sp2s755,3,8.77223,13.02356
c2sp2s756,3,8.69568,13.02852
c2sp2s757,3,8.618861,13.03203
c2sp2s758,3,8.541803,13.03406
c2sp2s759,3,8.464533,13.03462
c2sp2s760,3,8.38708,13.0337
c2sp2s761,3,8.309471,13.03129
c2sp2s762,3,8.231737,13.02738
c2sp2s763,3,8.153905,13.02197
c2sp2s764,3,8.076004,13.01505
c2sp2s765,3,7.99807,13.00662
c2sp2s766,3,7.92012,12.99668
c2sp2s767,3,7.84219,12.98522
c2sp2s768,3,7.76431,12.97224
c2sp2s769,3,7.68651,12.95773
c2sp2s770,3,7.60881,12.9417
c2sp2s771,3,7.53126,12.92414
c2sp2s772,3,7.45388,12.90506
c2sp2s773,3,7.37669,12.88445
c2sp2s774,3,7.29973,12.86232
c2sp2s775,3,7.22304,12.83866
c2sp2s776,3,7.14663,12.81348
c2sp2s777,3,7.07054,12.78678
c2sp2s778,3,6.9948,12.75856
c2sp2s779,3,6.91944,12.72883
c2sp2s780,3,6.84449,12.69759
c2sp2s781,3,6.76998,12.66485
c2sp2s782,3,6.69594,12.63061
c2sp2s783,3,6.62241,12.59488
c2sp2s784,3,6.5494,12.55766
c2sp2s785,3,6.47695,12.51897
c2sp2s786,3,6.40509,12.4788
c2sp2s787,3,6.33385,12.43717
c2sp2s788,3,6.26327,12.3941
c2sp2s789,3,6.19336,12.34957
c2sp2s790,3,6.12415,12.30362
c2sp2s791,3,6.05569,12.25625
c2sp2s792,3,5.98799,12.20746
c2sp2s793,3,5.92109,12.15728
c2sp2s794,3,5.85501,12.10571
c2sp2s795,3,5.78979,12.05277
c2sp2s796,3,5.72544,11.99848
c2sp2s797,3,5.66201,11.94284
c2sp2s798,3,5.59951,11.88587
c2sp2s799,3,5.53797,11.82759
c2sp2s800,3,5.47743,11.76801
c2sp2s801,3,5.4179,11.70715
c2sp2s802,3,5.35942,11.64503
c2sp2s803,3,5.30202,11.58167
c2sp2s804,3,5.24571,11.51708
c2sp2s805,3,5.19052,11.45128
c2sp2s806,3,5.13649,11.38429
c2sp2s807,3,5.08362,11.31614
c2sp2s808,3,5.03196,11.24684
c2sp2s809,3,4.98152,11.17641
c2sp2s810,3,4.93233,11.10488
c2sp2s811,3,4.88442,11.03226
c2sp2s812,3,4.8378,10.95858
c2sp2s813,3,4.79249,10.88387
c2sp2s814,3,4.74853,10.80815
c2sp2s815,3,4.70593,10.73143
c2sp2s816,3,4.66471,10.65375
c2sp2s817,3,4.6249,10.57513
c2sp2s818,3,4.58652,10.4956
c2sp2s819,3,4.54959,10.41517
c2sp2s820,3,4.51412,10.33389
c2sp2s821,3,4.48014,10.25177
c2sp2s822,3,4.44766,10.16884
c2sp2s823,3,4.41671,10.08513
c2sp2s824,3,4.38729,10.00067
c2sp2s825,3,4.35944,9.915489
c2sp2s826,3,4.33317,9.829609
c2sp2s827,3,4.30848,9.743064
c2sp2s828,3,4.2854,9.655882
c2sp2s829,3,4.26395,9.568093
c2sp2s830,3,4.24413,9.479729
c2sp2s831,3,4.22597,9.390819
c2sp2s832,3,4.20947,9.301394
c2sp2s833,3,4.19465,9.211487
c2sp2s834,3,4.18152,9.121127
c2sp2s835,3,4.1701,9.0303476
c2sp2s836,3,4.16038,8.9391804
c2sp2s837,3,4.15239,8.847658
c2sp2s838,3,4.14614,8.755813
c2sp2s839,3,4.14163,8.663678
c2sp2s840,3,4.13887,8.571286
c2sp2s841,3,4.13787,8.478671
c2sp2s842,3,4.13864,8.385867
c2sp2s843,3,4.14118,8.292907
c2sp2s844,3,4.1455,8.199825
c2sp2s845,3,4.15162,8.106656
c2sp2s846,3,4.15952,8.013433
c2sp2s847,3,4.16921,7.92019
c2sp2s848,3,4.18071,7.82696
c2sp2s849,3,4.194,7.73379
c2sp2s850,3,4.2091,7.6407
c2sp2s851,3,4.22601,7.54773
c2sp2s852,3,4.24472,7.45492
c2sp2s853,3,4.26523,7.36229
c2sp2s854,3,4.28756,7.26989
c2sp2s855,3,4.31168,7.17775
c2sp2s856,3,4.33761,7.08591
c2sp2s857,3,4.36534,6.9944
c2sp2s858,3,4.39486,6.90326
c2sp2s859,3,4.42618,6.81252
c2sp2s860,3,4.45929,6.72221
c2sp2s861,3,4.49417,6.63238
c2sp2s862,3,4.53084,6.54306
c2sp2s863,3,4.56927,6.45427
c2sp2s864,3,4.60946,6.36607
c2sp2s865,3,4.65141,6.27848
c2sp2s866,3,4.69511,6.19153
c2sp2s867,3,4.74054,6.10527
c2sp2s868,3,4.78769,6.01972
c2sp2s869,3,4.83656,5.93493
c2sp2s870,3,4.88713,5.85092
c2sp2s871,3,4.93939,5.76773
c2sp2s872,3,4.99333,5.6854
c2sp2s873,3,5.04893,5.60395
c2sp2s874,3,5.10619,5.52342
c2sp2s875,3,5.16507,5.44384
c2sp2s876,3,5.22558,5.36526
c2sp2s877,3,5.28769,5.28769
c2sp2s878,3,5.35138,5.21117
c2sp2s879,3,5.41665,5.13574
c2sp2s880,3,5.48346,5.06143
c2sp2s881,3,5.5518,4.98827
c2sp2s882,3,5.62165,4.91628
c2sp2s883,3,5.693,4.8455
c2sp2s884,3,5.76581,4.77597
c2sp2s885,3,5.84007,4.70771
c2sp2s886,3,5.91576,4.64075
c2sp2s887,3,5.99285,4.57512
c2sp2s888,3,6.07133,4.51085
c2sp2s889,3,6.15115,4.44797
c2sp2s890,3,6.23232,4.38651
c2sp2s891,3,6.31478,4.32649
c2sp2s892,3,6.39853,4.26794
c2sp2s893,3,6.48353,4.2109
c2sp2s894,3,6.56976,4.15538
c2sp2s895,3,6.65719,4.10141
c2sp2s896,3,6.7458,4.04902
c2sp2s897,3,6.83554,3.99824
c2sp2s898,3,6.92641,3.94908
c2sp2s899,3,7.01835,3.90157
c2sp2s900,3,7.11136,3.85574
c2sp2s901,3,7.20538,3.8116
c2sp2s902,3,7.30041,3.76919
c2sp2s903,3,7.39639,3.72852
c2sp2s904,3,7.49331,3.68961
c2sp2s905,3,7.59112,3.65248
c2sp2s906,3,7.6898,3.61716
c2sp2s907,3,7.7893,3.58366
c2sp2s908,3,7.88961,3.55201
c2sp2s909,3,7.99068,3.52221
c2sp2s910,3,8.092485,3.49429
c2sp2s911,3,8.19498,3.46827
c2sp2s912,3,8.298134,3.44416
c2sp2s913,3,8.401911,3.42197
c2sp2s914,3,8.506276,3.40173
c2sp2s915,3,8.611192,3.38344
c2sp2s916,3,8.716622,3.36712
c2sp2s917,3,8.822529,3.35279
c2sp2s918,3,8.9288762,3.34045
c2sp2s919,3,9.0356254,3.33011
c2sp2s920,3,9.142739,3.32179
c2sp2s921,3,9.250179,3.3155
c2sp2s922,3,9.357906,3.31125
c2sp2s923,3,9.465882,3.30904
c2sp2s924,3,9.574069,3.30888
c2sp2s925,3,9.682427,3.31078
c2sp2s926,3,9.790916,3.31475
c2sp2s927,3,9.899498,3.32079
c2sp2s928,3,10.00813,3.32891
c2sp2s929,3,10.11678,3.33911
c2sp2s930,3,10.2254,3.35139
c2sp2s931,3,10.33395,3.36576
c2sp2s932,3,10.4424,3.38222
c2sp2s933,3,10.5507,3.40077
c2sp2s934,3,10.65881,3.4214
c2sp2s935,3,10.7667,3.44413
c2sp2s936,3,10.87431,3.46895
c2sp2s937,3,10.98162,3.49585
c2sp2s938,3,11.08857,3.52483
c2sp2s939,3,11.19514,3.5559
c2sp2s940,3,11.30128,3.58904
c2sp2s941,3,11.40694,3.62425
c2sp2s942,3,11.5121,3.66152
c2sp2s943,3,11.6167,3.70085
c2sp2s944,3,11.72071,3.74223
c2sp2s945,3,11.82409,3.78565
c2sp2s946,3,11.9268,3.83111
c2sp2s947,3,12.0288,3.87858
c2sp2s948,3,12.13004,3.92807
c2sp2s949,3,12.23049,3.97956
c2sp2s950,3,12.33012,4.03304
c2sp2s951,3,12.42887,4.08849
c2sp2s952,3,12.52671,4.1459
c2sp2s953,3,12.62361,4.20526
c2sp2s954,3,12.71951,4.26654
c2sp2s955,3,12.8144,4.32975
c2sp2s956,3,12.90822,4.39485
c2sp2s957,3,13.00094,4.46183
c2sp2s958,3,13.09252,4.53067
c2sp2s959,3,13.18292,4.60136
c2sp2s960,3,13.27211,4.67386
c2sp2s961,3,13.36005,4.74817
c2sp2s962,3,13.44671,4.82426
c2sp2s963,3,13.53204,4.90211
c2sp2s964,3,13.61602,4.9817
c2sp2s965,3,13.6986,5.06299
c2sp2s966,3,13.77976,5.14598
c2sp2s967,3,13.85945,5.23062
c2sp2s968,3,13.93765,5.31691
c2sp2s969,3,14.01432,5.4048
c2sp2s970,3,14.08943,5.49428
c2sp2s971,3,14.16295,5.58531
c2sp2s972,3,14.23483,5.67787
c2sp2s973,3,14.30506,5.77193
c2sp2s974,3,14.3736,5.86746
c2sp2s975,3,14.44042,5.96443
c2sp2s976,3,14.5055,6.06281
c2sp2s977,3,14.56879,6.16256
c2sp2s978,3,14.63028,6.26366
c2sp2s979,3,14.68993,6.36606
c2sp2s980,3,14.74771,6.46975
c2sp2s981,3,14.80361,6.57468
c2sp2s982,3,14.85759,6.68082
c2sp2s983,3,14.90963,6.78813
c2sp2s984,3,14.9597,6.89658
c2sp2s985,3,15.00778,7.00614
c2sp2s986,3,15.05384,7.11676
c2sp2s987,3,15.09787,7.22841
c2sp2s988,3,15.13983,7.34105
c2sp2s989,3,15.17971,7.45464
c2sp2s990,3,15.21748,7.56915
c2sp2s991,3,15.25313,7.68454
c2sp2s992,3,15.28664,7.80076
c2sp2s993,3,15.31798,7.91778
c2sp2s994,3,15.34714,8.035552
c2sp2s995,3,15.37411,8.154041
c2sp2s996,3,15.39886,8.273205
c2sp2s997,3,15.42137,8.393001
c2sp2s998,3,15.44165,8.513389
c2sp2s999,3,15.45966,8.634325
c2sp2s1000,3,15.4754,8.755768
